#Create a normal distribution histogram of a vector 

minorpopulation.csv ==

minor population frequency				
0.0001				
0.0001				
0.001				
0.0001				
0.0001				
0.0001				
0.0001				
0.0001				
0.0001				
0.0001				
0.0001				
0.0001				
0.0001				
0.0001				
0.0001				
0.0001				
0.001				
0.0001				
0.0001				
0.0001				
0.0001				
0.0001				
0.0001				
0.0001				
0.0001				
0.001				
0.001				
0.0001				
0.0001				
0.001				
0.0001				
0.001				
0.0001				
0.0001				
0.001				
0.0001				
0.0001				
0.0001				
0.0001				
0.0001				
0.0001				
0.0001				
0.0001				
0.0001				
0.00001				
0.0001				
0.0001				
0.0001				
0.001				
0.0001				
0.001				
0.0001				
0.0001				
0.0001				
0.0001				
0.001				
0.0001				
0.0001				
0.0001				
0.0001				
0.0001				
0.0001				
0.0001				
0.0001				
0.0001				
0.0001				
0.0001				
0.0001				
0.0001				
0.001				
0.0001				
0.0001				
0.001				
0.0001				
0.001				
0.0001				
0.0001				
0.0001				
0.0001				
0.00001				
0.0001				
0.0001				
0.0001				
0.0001				
0.0001				
0.0001				
0.0001				
0.0001				
0.0001				
0.0001				
0.0001				
0.0001				
0.0001				
0.0001				
0.0001				
0.0001				
0.0001				
0.001				
0.0001				
0.0001				
0.0001				
0.0001				
0.0001				
0.0001				
0.0001				
0.0001				
0.0001				
0.0001				
0.0001				
0.0001				
0.001				
0.0001				
0.0001				
0.0001				
0.0001				
0.0001				
0.0001				
0.0001				
0.0001				
0.00001				
0.0001				
0.0001				
0.001				
0.0001				
0.0001				
0.0001				
0.0001				
0.0001				
0.0001				
0.0001				
0.0001				
0.0001				
0.0001				
0.001				
0.0002				
0.0002				
0.0002				
0.00002				
0.0002				
0.0002				
0.0002				
0.0002				
0.00002				
0.0002				
0.0002				
0.0002				
0.0002				
0.0002				
0.0002				
0.0002				
0.0002				
0.0002				
0.0002				
0.0002				
0.0002				
0.0002				
0.0002				
0.0002				
0.0002				
0.0002				
0.0002				
0.0002				
0.002				
0.0002				
0.0002				
0.0002				
0.002				
0.0002				
0.0002				
0.00002				
0.0002				
0.0002				
0.0002				
0.0002				
0.0002				
0.0002				
0.0002				
0.0002				
0.0002				
0.0002				
0.0002				
0.0002				
0.002				
0.0002				
0.0002				
0.0002				
0.0002				
0.0002				
0.0002				
0.0002				
0.0002				
0.0002				
0.0002				
0.0002				
0.0002				
0.0002				
0.0002				
0.0002				
0.0002				
0.0002				
0.0002				
0.0002				
0.0002				
0.0002				
0.0002				
0.0002				
0.0002				
0.0002				
0.0002				
0.0002				
0.0002				
0.0002				
0.0002				
0.002				
0.0002				
0.0002				
0.0002				
0.0002				
0.0002				
0.0002				
0.0002				
0.0002				
0.0002				
0.0002				
0.0002				
0.0002				
0.0002				
0.0003				
0.0003				
0.0003				
0.00003				
0.0003				
0.0003				
0.0003				
0.0003				
0.0003				
0.0003				
0.0003				
0.00003				
0.0003				
0.0003				
0.0003				
0.0003				
0.0003				
0.0003				
0.0003				
0.0003				
0.0003				
0.0003				
0.00003				
0.0003				
0.0003				
0.00003				
0.0003				
0.0003				
0.00003				
0.0003				
0.00003				
0.0003				
0.0003				
0.0003				
0.00003				
0.0003				
0.0003				
0.0003				
0.0003				
0.0003				
0.0003				
0.00003				
0.0003				
0.0003				
0.0003				
0.0004				
0.0004				
0.00004				
0.0004				
0.0004				
0.00004				
0.00004				
0.0004				
0.00004				
0.0004				
0.0004				
0.00004				
0.0004				
0.00004				
0.00004				
0.00004				
0.00004				
0.0004				
0.0004				
0.0004				
0.00004				
0.00004				
0.00004				
0.00004				
0.0004				
0.00005				
0.0005				
0.00005				
0.00005				
0.00005				
0.0005				
0.0005				
0.00005				
0.0005				
0.00005				
0.00005				
0.0005				
